##########################= Conjunto y teste =###########################

[2 1 1 2 2 1 1 1 2 1 3 1 1 3 2 3 3 3 2 1 1 2 2 2 3 3 2 1 2 2 3 1 1 1 2 1 2 
 3 3 3 1 1 2 2 1 1 3 1 1 2 3 3 2 1 1 2 3 3 2 3 2 3 2 1 1 1 3 1 1 3 2 1 1 1 
 3 1 2 2 2 2 3 2 3 3 3 3 2 2 1 1 2 1 2 3 2 3 1 3 1 2 2 2 2 3 2 2 1 3 3 1 2 
 3 2 2 2 2 2 2 1 2 3 3 3 1 1 1 1 3 3 1 2 3 3 3 3 2 3 2 2 2 3 3 1 1 2 1 2 1 
 1 1 1 1 3 1 3 1 3 2 3 1 3 1 3 2 2 3 2 3 2 3 3 2 3 2 2 2 1 2 1 1 1 3 1 1 1 
 3 3 3 1 1 2 1 1 1 3 2 1 3 2 3 2 2 2 1 3 1 2 3 1 3 2 3 1 1 3 3 3 3 3 3 3 1 
 3 1 2 2 1 1 3 2 1 2 1 1 1 3 1 3 3 1 3 2 1 3 1 1 1 1 3 2 1 1 2 2 3 3 1 2 1 
 2 1 1 2 3 1 3 1 1 2 3 1 2 2 3 3 1 2 3 3 3 1 3 1 1 1 2 2 1 2 1 3 1 1 2 1 1 
 3 3 3 1 3 1 1 2 2 3 1 3 2 3 2 3 2 3 1 3 1 2 3 2 2 3 3 2 3 2 2 2 1 3 3 2 3 
 3 1 2 2 3 2 3 2 2 1 1 1 3 1 2 1 2 3 2 1 3 1 1 1 2 3 2 3 1 2 1 2 1 1 1 2 1 
 2 3 3 1 1 2 2 2 3 2 3 1 2 1 1 1 1 2 1 1 1 2 1 1 3 1 1 2 2 3 3 2 3 3 2 3 3 
 1 3 1 3 3 3 1 3 1 3 3 3 1 2 1 3 1 1 1 3 1 1 3 2 2 2 1 1 1 1 1 3 3 2 3 3 1 
 3 3 3 3 3 1 1 1 2 2 3 3 3 1 2 1 1 3 2 1 1 1 1 2 3 1 2 2 2 2 1 2 2 3 1 2 2 
 2 1 1 1 2 1 1 2 2 2 1 1 2 1 2 3 1 1 3 1 2 1 3 1 1 1 1 3 3 3 3 2 2 2 1 3 1 
 3 2 3 2 2 1 1 2 3 1 2 1 3 1 2 3 1 1 1 3 1 3 2 2 3 2 2 3 1 3 2 1 2 3 3 2 2 
 2 3 1 3 3 1 1 1 1 1 2 2 3 1 1 1 2 1 1 3 1 2 2 1 1 1 3 2 1 1 3 2 2 2 1 1 3 
 2 1 3 3 1 1 3 1 2 2 1 1 1 2 2 3 1 2 2 3 3 2 1 1 1 2 3 1 1 1 1 3 3 2 2 2 3 
 1 1 2 2 3 1 3 3 3 3 3 1 2 2 3 1 2 2 3 1 3 1 3 1 2 2 3 3 3 1 1 3 3 2 3 1 3 
 1 1 1 1 3 3 1 1 3 2 3 2 3 2 3 3 3 2 3 1 3 2 2 1 3 1 2 1 2 1 3 3 3 2 1 1 3 
 1 3 1 2 2 3 3 2 2 2 2 2 3 3 1 3 3 1 3 1 1 1 2 3 3 1 3 3 1 2 3 1 3 1 2 2 3 
 3 2 2 1 3 2 3 1 1 2 3 1 2 3 3 3 3 3 2 2 1 1 1 1 1 2 2 2 2 2 1 1 3 3 3 2 3 
 2 2 1 3 3 1 1 2 1 3 2 1 3 3 1 2 1 3 2 3 2 2 1 1 3 3 3 3 2 1 3 2 2 1 3 1 2 
 2 2 2 2 2 2 1 1 2 3 1 1 1 2 2 1 2 2 3 2 2 1]

##########################= Arvore de decisao =###########################

-Criterion = gini

-Porcentagem: 48%

-Resultado: 
[2 2 1 1 2 3 3 1 1 1 3 2 2 3 2 3 3 1 2 1 1 2 1 1 2 1 1 3 3 2 1 2 3 1 1 2 1
 3 3 3 2 2 2 2 1 2 3 2 1 2 3 3 1 2 1 3 3 3 2 2 3 1 1 2 2 2 3 2 1 3 3 1 2 1
 3 2 1 1 2 1 3 3 2 1 3 3 3 2 1 1 2 2 2 3 3 3 1 1 1 2 1 1 2 2 3 2 3 3 3 1 2
 3 2 1 3 1 1 1 2 1 3 3 3 1 1 2 3 3 3 2 1 3 2 2 3 2 3 2 2 1 1 1 1 3 2 3 1 1
 2 3 2 1 3 1 1 2 2 2 1 1 3 2 1 2 1 2 2 2 2 1 3 1 3 1 1 1 3 2 1 2 3 3 2 2 2
 3 3 3 1 1 1 3 2 1 2 1 2 1 1 3 2 1 3 1 1 2 3 3 1 3 1 2 2 2 3 3 3 3 3 2 1 2
 1 2 3 3 1 3 3 1 2 1 1 1 1 3 1 1 3 2 2 1 2 1 1 2 1 1 3 3 3 2 2 3 3 3 2 1 3
 1 2 3 1 1 1 2 1 3 1 1 2 2 3 1 3 2 3 2 1 3 2 1 2 3 1 2 2 2 2 1 3 2 1 2 1 1
 3 3 3 1 3 3 3 1 1 3 2 3 2 3 1 3 3 3 2 3 2 1 3 3 2 3 3 1 3 1 3 2 2 1 3 2 3
 3 1 1 2 2 1 3 2 1 2 1 1 3 1 2 1 3 3 2 1 3 1 1 1 2 3 2 1 2 2 2 1 1 1 2 2 3
 2 3 1 2 2 2 1 1 3 1 2 2 2 2 1 1 2 1 1 1 2 1 2 3 3 1 1 1 2 2 2 1 3 3 3 2 1
 2 2 1 1 3 3 3 3 1 3 3 2 2 2 2 3 1 2 1 1 2 3 3 1 2 2 1 1 3 3 2 1 1 1 2 1 1
 3 1 3 3 1 2 1 1 1 2 1 3 3 3 1 1 1 3 2 2 2 3 1 1 3 2 2 3 1 3 3 2 2 3 3 3 1
 2 1 2 2 2 1 1 2 1 2 1 1 1 3 2 3 2 1 3 2 2 2 1 1 1 3 2 3 3 3 3 1 2 2 1 3 2
 3 2 3 3 3 1 3 1 3 3 2 1 2 3 3 1 2 1 1 1 2 3 1 1 1 1 1 3 1 1 2 3 1 3 3 1 2
 1 3 1 3 3 2 1 2 2 2 1 1 1 1 1 2 1 2 2 1 1 2 3 1 2 1 1 2 1 3 3 3 2 2 2 3 3
 1 1 3 3 1 1 3 2 1 2 1 3 2 1 2 1 1 2 1 2 3 2 2 2 1 2 3 2 2 2 3 3 2 1 1 3 3
 3 2 1 2 2 1 3 3 3 3 3 1 2 3 3 2 1 2 3 3 3 1 1 1 2 1 2 1 3 1 2 3 3 1 2 3 1
 2 1 2 1 3 2 1 1 3 2 2 1 1 1 3 3 3 1 3 3 3 2 2 1 3 1 2 1 1 1 2 2 2 1 2 2 3
 2 3 1 1 3 3 3 2 2 1 1 2 3 3 3 3 3 2 2 2 1 1 1 1 3 1 1 3 2 1 1 2 3 1 1 1 2
 2 1 1 2 2 1 3 1 1 3 2 3 1 1 1 3 1 3 1 2 3 2 1 1 1 2 2 1 2 2 2 2 3 3 1 1 3
 1 1 2 1 3 2 2 1 3 3 2 3 3 2 2 3 2 3 1 1 1 1 2 1 3 3 3 1 1 2 2 2 3 1 3 3 1
 2 2 3 2 2 3 1 2 2 2 1 3 1 3 1 2 2 1 3 3 3 1]

##########################= Arvore de decisao =###########################

-Criterion = entropy

-Porcentagem: 49%

-Resultado: 
[2 1 2 2 1 1 1 1 1 1 3 2 2 3 1 3 3 1 2 2 1 1 1 1 1 1 1 3 3 2 2 1 1 2 1 1 2
 3 3 3 1 3 2 1 1 1 3 2 1 2 3 3 1 2 1 2 1 3 2 3 2 1 1 2 2 2 2 2 1 3 1 1 2 1
 3 2 2 2 1 1 1 1 1 2 3 3 1 2 2 3 2 2 1 3 1 3 2 1 3 2 1 1 3 1 1 2 3 3 3 2 1
 3 1 2 3 2 1 1 1 2 3 3 1 1 2 2 3 3 2 2 1 2 1 2 3 2 1 1 1 1 1 3 1 3 1 3 1 1
 2 1 3 2 3 1 1 2 3 2 3 3 3 1 1 3 2 1 2 2 1 1 3 1 3 1 1 1 2 2 1 1 1 3 3 3 1
 3 1 3 1 2 1 1 3 2 1 2 1 1 1 1 1 2 3 1 3 2 3 3 2 3 3 1 2 2 3 3 3 2 3 2 3 2
 2 2 1 1 1 3 3 2 2 2 1 2 1 3 2 1 3 3 2 3 2 1 1 2 1 3 3 1 3 2 2 3 3 2 1 2 1
 2 2 3 2 3 1 3 2 3 2 1 2 2 1 1 3 2 2 3 3 2 3 2 2 1 1 2 1 1 1 2 3 1 2 1 1 2
 3 1 3 2 3 3 1 2 1 2 2 1 3 3 1 1 3 1 3 3 1 1 1 1 1 3 3 2 3 2 2 1 2 2 3 2 3
 3 2 1 2 3 2 3 1 1 2 2 1 3 2 2 2 2 3 1 1 3 1 1 2 2 2 2 2 1 1 1 3 1 1 2 1 3
 2 3 1 1 2 2 1 3 3 1 2 2 1 1 1 1 2 3 1 2 2 1 3 1 3 1 1 3 1 1 3 1 3 1 3 3 1
 2 1 2 3 3 3 2 1 2 3 3 2 1 1 3 3 1 1 1 3 1 1 3 1 1 1 2 1 3 2 1 3 3 2 2 3 3
 3 1 3 3 1 1 2 1 1 1 1 3 3 3 1 1 2 3 1 1 2 3 1 2 3 2 1 1 2 3 3 2 2 3 1 3 1
 2 2 1 1 3 1 2 2 2 3 1 1 2 1 2 3 3 1 3 1 2 2 2 1 2 2 2 3 3 3 3 2 2 1 2 3 1
 3 1 3 3 3 1 1 1 3 3 2 3 2 3 3 3 1 2 1 1 2 3 1 1 1 1 2 3 3 1 2 3 1 3 3 1 2
 1 3 1 3 3 3 1 1 2 2 1 1 1 2 1 2 1 3 1 2 2 2 2 1 2 1 2 1 1 1 3 2 2 2 2 3 2
 1 1 3 3 1 2 2 1 3 2 1 3 2 1 2 2 1 2 1 2 3 1 2 2 1 2 3 1 1 1 1 3 2 1 1 1 3
 1 1 2 3 3 1 2 2 3 3 3 3 1 3 3 2 2 2 3 1 3 2 2 1 2 2 1 1 1 1 2 3 3 2 3 1 1
 1 1 2 1 2 1 2 1 3 1 3 2 3 1 3 3 3 1 3 3 3 2 2 1 3 2 3 1 2 3 2 2 1 1 2 1 3
 2 3 2 2 3 3 3 2 3 1 2 2 3 1 1 1 3 2 3 2 1 2 1 3 3 3 1 3 2 2 3 1 3 1 1 1 3
 2 3 1 2 2 1 3 1 1 1 3 2 1 3 3 1 1 3 1 3 3 2 2 1 1 1 2 2 3 1 2 2 2 3 2 1 3
 1 1 3 1 3 2 3 3 3 3 2 3 3 2 2 3 2 3 2 3 1 2 2 1 3 1 3 1 2 1 2 1 3 1 3 3 1
 1 2 2 1 3 3 2 2 1 2 1 1 2 3 2 3 2 1 3 1 1 1]