##########################= Conjunto y teste =###########################

[2 1 1 2 2 1 1 1 2 1 3 1 1 3 2 3 3 3 2 1 1 2 2 2 3 3 2 1 2 2 3 1 1 1 2 1 2 
 3 3 3 1 1 2 2 1 1 3 1 1 2 3 3 2 1 1 2 3 3 2 3 2 3 2 1 1 1 3 1 1 3 2 1 1 1 
 3 1 2 2 2 2 3 2 3 3 3 3 2 2 1 1 2 1 2 3 2 3 1 3 1 2 2 2 2 3 2 2 1 3 3 1 2 
 3 2 2 2 2 2 2 1 2 3 3 3 1 1 1 1 3 3 1 2 3 3 3 3 2 3 2 2 2 3 3 1 1 2 1 2 1 
 1 1 1 1 3 1 3 1 3 2 3 1 3 1 3 2 2 3 2 3 2 3 3 2 3 2 2 2 1 2 1 1 1 3 1 1 1 
 3 3 3 1 1 2 1 1 1 3 2 1 3 2 3 2 2 2 1 3 1 2 3 1 3 2 3 1 1 3 3 3 3 3 3 3 1 
 3 1 2 2 1 1 3 2 1 2 1 1 1 3 1 3 3 1 3 2 1 3 1 1 1 1 3 2 1 1 2 2 3 3 1 2 1 
 2 1 1 2 3 1 3 1 1 2 3 1 2 2 3 3 1 2 3 3 3 1 3 1 1 1 2 2 1 2 1 3 1 1 2 1 1 
 3 3 3 1 3 1 1 2 2 3 1 3 2 3 2 3 2 3 1 3 1 2 3 2 2 3 3 2 3 2 2 2 1 3 3 2 3 
 3 1 2 2 3 2 3 2 2 1 1 1 3 1 2 1 2 3 2 1 3 1 1 1 2 3 2 3 1 2 1 2 1 1 1 2 1 
 2 3 3 1 1 2 2 2 3 2 3 1 2 1 1 1 1 2 1 1 1 2 1 1 3 1 1 2 2 3 3 2 3 3 2 3 3 
 1 3 1 3 3 3 1 3 1 3 3 3 1 2 1 3 1 1 1 3 1 1 3 2 2 2 1 1 1 1 1 3 3 2 3 3 1 
 3 3 3 3 3 1 1 1 2 2 3 3 3 1 2 1 1 3 2 1 1 1 1 2 3 1 2 2 2 2 1 2 2 3 1 2 2 
 2 1 1 1 2 1 1 2 2 2 1 1 2 1 2 3 1 1 3 1 2 1 3 1 1 1 1 3 3 3 3 2 2 2 1 3 1 
 3 2 3 2 2 1 1 2 3 1 2 1 3 1 2 3 1 1 1 3 1 3 2 2 3 2 2 3 1 3 2 1 2 3 3 2 2 
 2 3 1 3 3 1 1 1 1 1 2 2 3 1 1 1 2 1 1 3 1 2 2 1 1 1 3 2 1 1 3 2 2 2 1 1 3 
 2 1 3 3 1 1 3 1 2 2 1 1 1 2 2 3 1 2 2 3 3 2 1 1 1 2 3 1 1 1 1 3 3 2 2 2 3 
 1 1 2 2 3 1 3 3 3 3 3 1 2 2 3 1 2 2 3 1 3 1 3 1 2 2 3 3 3 1 1 3 3 2 3 1 3 
 1 1 1 1 3 3 1 1 3 2 3 2 3 2 3 3 3 2 3 1 3 2 2 1 3 1 2 1 2 1 3 3 3 2 1 1 3 
 1 3 1 2 2 3 3 2 2 2 2 2 3 3 1 3 3 1 3 1 1 1 2 3 3 1 3 3 1 2 3 1 3 1 2 2 3 
 3 2 2 1 3 2 3 1 1 2 3 1 2 3 3 3 3 3 2 2 1 1 1 1 1 2 2 2 2 2 1 1 3 3 3 2 3 
 2 2 1 3 3 1 1 2 1 3 2 1 3 3 1 2 1 3 2 3 2 2 1 1 3 3 3 3 2 1 3 2 2 1 3 1 2 
 2 2 2 2 2 2 1 1 2 3 1 1 1 2 2 1 2 2 3 2 2 1]

##############################=   KNN   =##################################

Metric = manhattan

Vizinhanca = 9

Porcentagem: 54%%

Resultado: 
[2 2 2 2 2 3 1 1 1 1 3 2 3 3 2 3 3 3 1 1 1 2 1 2 1 1 1 1 3 2 1 1 3 1 2 1 1
 3 3 3 1 1 1 1 1 1 3 2 1 2 3 3 2 3 1 1 3 3 1 1 3 1 3 1 2 1 2 2 1 3 1 1 1 1
 2 1 2 2 1 3 1 3 3 3 3 1 2 2 1 1 1 3 2 1 1 3 1 1 2 2 1 2 3 3 1 1 3 3 3 1 1
 3 2 2 1 1 1 1 1 2 3 3 3 1 2 2 3 3 3 1 1 3 2 2 3 1 3 1 1 1 1 3 1 3 2 3 1 2
 2 3 2 1 3 2 1 1 3 1 3 1 3 2 3 3 1 3 2 3 1 3 3 1 3 1 3 1 2 1 1 2 2 3 2 3 2
 3 1 3 1 2 1 1 3 2 3 2 3 3 2 3 2 1 3 1 3 1 3 3 2 3 3 3 3 2 3 3 1 3 3 2 1 1
 2 2 2 2 1 3 3 1 1 1 1 2 1 1 2 1 3 1 1 1 2 1 1 1 1 3 3 1 3 2 1 1 3 2 2 1 1
 2 2 1 1 3 1 3 3 1 1 1 1 2 2 3 3 1 2 3 3 3 2 1 2 1 2 2 1 1 1 2 3 1 2 2 1 2
 3 3 3 1 3 3 1 1 1 3 2 1 2 3 1 3 3 3 2 3 2 2 3 2 3 3 3 2 3 2 1 1 1 3 3 2 3
 3 2 1 1 3 1 3 2 1 1 1 1 1 1 1 2 2 3 1 2 3 1 1 2 1 3 1 1 2 2 1 3 1 1 2 2 3
 2 3 3 2 1 2 2 1 3 2 2 2 1 2 2 1 2 3 1 1 2 2 3 1 3 3 1 3 1 2 1 3 3 3 3 2 1
 2 3 2 3 3 3 1 1 2 3 3 3 2 2 2 3 1 2 1 3 3 1 3 1 1 1 1 1 3 2 2 3 3 2 2 3 3
 3 3 3 3 1 2 2 1 1 2 1 3 3 3 1 2 2 3 1 1 2 3 1 2 3 2 2 1 2 3 2 1 1 3 1 3 2
 2 1 3 2 1 1 1 2 1 2 1 1 2 1 1 3 1 1 3 1 2 1 3 1 2 1 2 3 3 3 3 3 2 2 1 3 3
 3 2 3 3 3 1 1 3 3 3 1 1 1 1 3 3 1 2 3 2 2 3 2 2 2 2 1 3 1 3 1 1 2 3 3 1 1
 2 3 2 3 3 2 1 1 2 3 1 1 3 2 1 2 2 3 3 1 1 1 1 2 2 1 3 2 1 1 3 1 2 1 1 3 3
 1 1 3 3 1 1 3 1 3 1 1 3 1 1 1 3 2 1 1 2 3 1 1 2 2 1 3 2 1 2 1 3 3 1 3 3 3
 1 2 2 2 3 2 1 1 3 3 3 1 1 1 3 1 1 1 3 1 3 2 2 2 1 1 1 3 3 1 2 3 3 1 3 2 2
 1 1 1 1 3 1 1 1 3 1 3 1 1 1 3 3 2 3 3 3 3 1 2 2 3 1 1 2 1 3 1 3 3 1 2 1 3
 1 3 1 2 3 3 3 1 3 1 1 2 3 1 1 3 3 1 3 1 3 1 1 3 3 1 3 3 2 1 3 1 3 2 3 1 3
 1 1 2 1 2 1 3 1 2 1 3 2 3 3 3 3 2 3 2 1 1 2 2 1 1 1 2 1 2 1 2 2 2 3 3 1 3
 1 1 2 3 3 3 1 1 3 1 2 3 3 2 1 3 2 3 2 3 1 1 3 1 3 3 3 1 1 1 3 1 2 1 1 2 1
 2 1 2 1 3 3 1 1 1 1 1 3 2 1 2 1 1 3 2 3 1 3]

##############################=   KNN   =##################################

Metric = manhattan

Vizinhanca = 19

Porcentagem: 51%%

Resultado: 
[2 1 1 1 2 3 1 1 1 1 3 2 3 3 1 3 3 3 1 1 1 2 1 1 2 1 1 1 1 1 1 1 3 1 1 1 1
 3 3 3 2 2 3 1 1 1 3 2 2 2 3 3 1 2 1 1 3 3 1 1 3 1 3 2 2 1 2 1 1 3 1 1 1 1
 2 1 1 1 2 3 1 3 3 3 3 1 2 2 2 3 1 3 2 3 1 3 1 1 2 1 1 2 3 3 1 1 3 3 3 1 1
 3 2 2 2 2 1 1 2 2 3 3 3 1 1 2 3 3 3 1 1 3 1 2 3 1 3 1 2 1 1 3 1 3 3 3 2 1
 2 3 3 1 3 2 1 2 3 1 3 1 3 2 3 3 1 3 2 3 2 3 3 1 3 2 3 1 2 2 1 2 2 3 2 1 2
 3 1 3 1 2 1 1 3 2 3 1 2 3 1 3 2 1 3 1 3 1 3 3 2 3 3 3 3 2 3 3 1 3 3 2 1 1
 1 2 2 1 2 3 3 1 1 2 1 2 1 3 1 1 3 1 1 3 2 1 2 2 1 3 3 1 3 2 1 1 3 3 2 1 1
 3 2 2 1 3 1 3 1 1 1 2 1 2 3 3 3 1 2 3 3 3 2 1 1 1 2 2 1 2 1 2 3 1 2 2 1 1
 3 3 3 1 3 3 1 1 1 3 1 1 2 3 1 3 1 3 2 3 2 1 3 1 3 3 3 2 3 1 1 1 2 3 3 2 3
 3 2 3 1 3 1 3 1 2 1 1 1 1 1 2 2 2 3 1 2 3 1 1 2 1 3 1 1 2 2 1 3 1 1 2 2 3
 2 3 3 1 1 1 2 1 3 2 1 1 2 2 2 1 1 3 2 2 1 2 3 1 3 3 1 3 2 1 1 3 2 1 3 3 1
 2 2 2 3 3 3 1 3 1 3 3 3 2 2 2 3 1 2 2 3 3 1 3 1 1 2 2 3 3 2 2 3 3 2 2 3 3
 3 3 3 3 1 2 2 1 1 2 2 3 3 3 1 2 2 3 2 1 2 3 1 2 3 2 2 1 1 3 3 1 1 3 2 3 2
 2 1 3 2 2 1 1 1 1 2 1 2 2 1 1 3 1 2 3 1 2 2 3 2 1 1 2 3 3 3 3 3 2 1 1 3 3
 3 2 3 3 3 1 1 3 3 3 1 2 2 2 3 3 2 1 3 2 2 3 1 2 2 2 1 3 1 3 1 1 2 3 3 1 2
 2 3 2 3 1 2 1 1 2 1 1 2 3 2 1 1 3 3 3 1 1 1 1 2 2 3 3 2 1 1 3 3 2 1 1 3 3
 1 2 3 3 1 1 3 2 3 1 1 1 2 1 1 1 2 1 1 2 3 1 2 2 1 2 3 2 1 2 1 3 3 1 3 3 3
 1 2 1 2 3 1 1 3 3 3 3 1 2 3 3 1 1 1 3 1 3 2 2 2 1 1 3 3 3 1 2 3 3 1 3 2 1
 2 1 1 2 3 1 1 2 3 1 3 2 1 1 3 3 1 1 3 3 3 1 2 2 3 1 1 2 1 3 1 3 3 1 2 1 3
 3 3 2 2 3 3 3 1 3 2 1 2 3 2 1 3 3 2 2 2 3 1 2 3 3 1 3 3 2 1 3 2 3 1 3 1 3
 1 1 1 1 1 1 3 1 2 1 2 2 1 3 3 1 2 3 1 1 1 1 2 1 1 2 2 1 1 1 2 2 1 3 1 1 3
 1 1 2 3 3 2 2 1 3 3 2 3 3 1 1 1 2 3 2 3 1 1 2 1 3 3 3 1 1 2 3 1 2 1 3 2 1
 2 1 1 2 3 3 1 2 2 1 1 3 2 1 2 1 1 1 2 3 1 1]

##############################=   KNN   =##################################

Metric = manhattan

Vizinhanca = 130

Porcentagem: 52%%

Resultado: 
[2 1 1 1 1 3 1 2 1 1 3 1 3 1 1 3 3 3 1 1 1 1 1 3 2 1 1 1 1 1 3 1 3 1 1 1 1
 3 3 3 1 2 3 1 1 1 3 2 2 1 3 3 1 1 3 1 3 3 1 2 3 1 3 1 2 2 1 2 1 3 2 1 1 1
 3 1 1 1 1 3 1 3 3 3 3 1 1 1 1 1 1 3 2 3 1 3 1 1 2 1 1 2 3 3 1 2 3 3 3 1 2
 3 1 1 1 2 1 1 1 1 3 3 3 1 2 2 3 3 3 1 1 3 2 2 3 1 3 1 2 1 2 3 1 3 1 3 2 2
 1 1 1 1 3 2 2 1 3 1 3 2 3 1 3 3 1 3 1 1 2 3 3 1 3 2 3 1 2 2 2 1 1 3 1 3 2
 3 3 3 1 1 1 1 3 2 3 1 1 3 2 3 2 1 2 1 3 1 3 3 2 3 3 3 3 2 3 3 3 3 3 2 3 1
 1 2 1 1 2 3 3 1 1 2 2 2 1 3 2 1 3 1 1 1 2 1 1 2 1 3 3 1 3 1 1 1 3 1 1 2 3
 1 1 1 1 3 1 3 3 1 2 1 1 2 1 3 3 1 1 3 3 3 1 1 1 2 2 2 2 1 1 2 3 1 1 1 1 1
 3 3 3 1 3 3 3 3 1 3 1 3 1 3 1 3 2 3 1 3 1 1 3 1 3 3 3 2 3 1 2 1 1 3 3 1 3
 3 2 3 1 3 1 3 1 2 1 1 1 1 2 2 1 1 1 1 1 3 1 2 1 1 3 1 1 2 1 1 3 2 1 2 1 3
 1 3 3 1 2 1 1 1 3 1 3 1 1 1 2 1 1 3 2 2 2 2 3 1 3 3 1 3 1 1 1 3 1 1 3 1 1
 1 2 1 3 3 3 1 1 1 3 3 3 2 1 1 3 1 2 1 3 3 1 3 2 1 1 2 3 3 1 1 3 3 2 2 3 3
 3 3 3 3 3 1 2 1 1 1 1 3 3 3 2 1 1 3 2 1 2 3 2 1 3 2 2 1 1 3 1 1 2 3 1 3 2
 1 1 1 2 2 1 1 1 1 1 1 2 1 3 2 3 1 1 3 1 2 2 3 1 2 1 1 3 3 3 1 3 1 1 1 3 3
 3 1 3 3 3 2 1 3 3 3 1 2 2 2 3 3 2 1 3 2 1 3 1 1 3 1 1 3 2 3 1 1 1 3 3 2 2
 1 3 2 3 3 1 1 1 1 3 1 2 3 2 1 1 1 3 3 1 1 1 1 2 2 3 3 1 1 2 3 3 1 1 1 3 3
 3 2 3 3 1 2 3 1 3 1 1 1 1 1 2 3 1 2 1 2 3 1 2 1 2 1 3 2 1 1 1 3 1 1 1 3 3
 1 1 1 2 3 2 1 1 3 3 3 1 2 1 3 2 1 1 3 1 3 1 1 2 1 1 3 3 3 1 1 3 3 1 3 1 2
 2 1 1 2 3 1 1 1 3 1 3 2 1 1 3 3 1 2 3 3 3 1 2 1 3 1 1 2 1 3 1 3 3 1 1 1 3
 3 3 2 1 3 3 3 1 3 2 1 1 3 1 2 3 3 1 1 1 3 1 1 3 3 1 3 3 1 1 3 2 3 2 1 1 3
 3 1 1 1 1 1 3 1 1 1 3 2 1 3 3 1 2 3 1 1 1 1 2 1 1 1 1 1 1 1 1 2 1 3 1 1 3
 1 1 1 3 3 2 2 1 3 3 1 3 3 1 1 1 2 3 2 3 1 1 2 2 3 3 3 1 2 1 1 1 1 1 3 1 1
 1 3 1 2 3 3 1 1 1 1 3 3 3 1 1 1 1 1 1 3 1 3]

##############################=   KNN   =##################################

Metric = minkowski

Vizinhanca = 9

Porcentagem: 53%%

Resultado: 
[2 2 2 2 2 3 1 1 1 1 3 2 3 1 1 3 3 3 1 1 1 1 1 1 1 1 1 1 3 2 1 2 3 1 2 1 1
 3 3 3 1 1 1 1 1 1 3 2 1 2 3 3 2 3 1 1 3 3 1 2 3 1 3 1 2 1 2 2 1 3 1 2 1 1
 2 1 2 2 1 3 1 3 3 3 3 1 2 2 1 1 2 1 2 1 1 3 1 1 2 2 1 2 3 1 1 1 3 3 3 1 1
 3 2 2 2 1 1 1 2 2 3 3 3 1 1 2 3 3 3 2 1 3 2 1 3 1 3 1 1 1 1 3 1 3 1 3 1 2
 2 3 2 1 3 2 1 1 3 1 3 1 3 2 3 3 1 3 2 3 2 3 3 1 3 2 3 1 2 2 2 1 2 3 2 1 1
 3 1 3 1 2 1 1 3 1 3 2 1 3 2 3 2 1 3 1 3 1 3 3 2 3 3 3 3 2 3 3 1 3 3 2 1 1
 1 2 2 2 1 3 3 1 1 1 1 1 1 1 2 1 3 1 1 1 2 1 2 2 1 3 3 1 1 2 1 1 3 2 2 1 1
 2 2 1 1 3 2 3 3 1 1 2 1 2 2 3 3 1 2 3 3 3 2 1 1 1 2 2 1 1 1 2 3 1 1 2 1 2
 3 3 3 1 3 3 1 1 1 3 2 1 1 3 1 3 3 3 2 3 2 2 3 2 3 3 3 1 3 1 1 1 1 3 3 2 3
 3 2 3 1 3 1 3 2 1 2 1 1 1 1 1 2 2 3 1 1 3 1 1 2 1 3 1 1 1 2 1 3 1 1 2 2 3
 2 3 3 2 1 2 2 1 3 2 3 2 1 2 2 1 1 3 1 2 2 2 3 1 3 3 1 3 1 1 1 3 2 3 3 2 1
 2 1 2 3 3 3 1 1 2 3 3 3 2 2 2 3 1 2 1 3 3 1 3 1 2 2 1 1 3 2 2 3 3 2 2 3 3
 3 3 3 3 1 1 2 1 1 2 1 3 3 3 1 2 2 3 1 1 2 3 1 2 3 2 2 1 1 3 2 1 1 3 1 3 2
 2 1 3 2 2 1 1 2 1 2 1 2 2 1 1 3 1 2 3 1 2 1 3 1 2 1 2 3 3 3 3 3 1 1 1 3 3
 3 2 3 3 3 1 1 3 3 3 1 1 1 2 1 3 1 2 3 2 2 3 2 2 2 2 1 3 1 3 1 1 2 3 3 1 2
 2 3 2 3 1 2 1 1 2 2 1 2 1 2 1 2 1 3 3 3 1 1 1 2 2 1 3 2 1 1 3 3 2 1 1 2 3
 1 1 3 3 1 1 3 1 3 1 1 1 1 1 1 3 2 1 2 2 3 2 1 2 2 1 3 2 1 2 1 3 3 1 3 3 3
 1 2 2 2 3 2 1 1 3 3 3 1 1 1 3 1 1 3 3 1 3 2 1 1 1 1 1 3 3 1 1 3 3 1 3 2 2
 1 1 1 2 3 1 1 1 3 1 3 1 1 1 3 3 1 3 3 3 3 1 2 2 3 1 1 2 1 3 1 3 1 1 2 1 3
 1 3 1 2 3 3 3 1 3 1 1 2 3 3 1 3 3 1 2 1 3 1 2 3 3 1 3 3 2 1 3 1 2 2 3 1 3
 3 1 2 1 2 1 3 1 1 1 3 1 1 3 3 1 2 3 1 1 1 2 2 1 2 1 2 1 1 1 2 2 2 3 3 1 3
 1 1 2 3 3 3 1 1 3 1 2 3 3 2 1 3 2 3 2 3 1 1 3 2 3 3 3 1 1 1 3 1 2 1 1 2 1
 2 1 2 2 3 3 1 1 1 1 1 3 2 1 2 1 1 3 2 3 1 3]

##############################=   KNN   =##################################

Metric = minkowski

Vizinhanca = 19

Porcentagem: 52%%

Resultado: 
[2 2 1 1 2 3 1 1 2 1 3 1 3 2 1 3 3 3 1 1 1 2 1 2 2 1 1 1 3 2 1 1 3 1 1 1 1
 3 3 3 2 1 1 1 1 1 3 2 2 2 3 3 1 2 1 1 3 3 1 1 3 1 3 2 2 1 2 2 1 3 1 1 1 1
 3 1 2 1 2 3 1 3 3 3 3 1 3 1 1 3 1 3 2 3 1 3 1 1 2 1 1 2 3 3 1 1 3 3 3 1 1
 3 1 2 2 2 1 1 1 2 3 3 1 1 2 2 3 3 3 1 1 3 1 1 3 1 3 1 2 1 1 3 1 3 1 3 2 2
 2 3 2 1 3 2 1 1 3 1 3 2 3 2 3 3 1 3 2 3 2 3 3 1 3 2 3 1 2 2 2 2 2 3 2 1 1
 3 1 3 1 1 1 1 3 2 3 1 2 3 1 3 2 2 3 1 3 2 3 3 2 3 3 3 3 2 3 3 3 3 3 2 1 1
 1 2 2 1 3 3 3 1 1 2 1 2 1 3 1 1 3 1 1 3 3 1 1 1 1 3 3 1 3 3 1 1 3 2 2 1 1
 3 2 2 2 3 1 3 1 1 1 1 1 2 3 3 3 1 2 3 3 3 2 1 1 1 2 2 1 2 1 1 3 1 2 2 1 2
 3 1 3 1 3 3 1 1 1 3 1 1 2 3 1 3 1 3 2 3 2 1 3 1 3 3 3 2 3 2 2 1 2 3 3 2 3
 3 2 1 1 3 1 3 1 1 1 1 1 1 1 2 2 1 2 1 2 3 1 2 2 1 3 1 1 2 2 1 3 1 1 2 2 3
 2 3 3 1 1 1 2 1 3 1 3 1 2 2 2 1 1 3 2 2 1 2 3 2 3 3 1 3 1 1 2 3 2 1 3 3 1
 2 2 2 3 3 3 2 1 1 3 3 3 2 2 2 3 1 2 2 3 3 1 3 1 1 2 2 3 3 2 2 3 3 2 2 3 3
 3 3 3 3 1 2 2 1 1 2 2 3 3 3 1 2 1 3 2 1 1 3 2 2 3 2 2 1 1 3 2 1 1 3 2 3 2
 2 1 3 2 2 2 1 1 1 2 1 2 2 1 1 3 1 2 3 1 2 2 3 2 2 1 2 3 3 3 1 3 2 1 1 3 3
 3 2 3 3 3 1 3 3 3 3 1 2 2 2 3 3 2 1 3 2 2 3 1 2 2 2 1 3 1 3 1 1 2 3 3 1 2
 2 3 2 3 1 2 1 1 2 3 1 2 3 2 1 1 2 3 3 3 1 1 1 2 2 3 3 2 1 1 3 3 2 1 1 3 3
 1 2 3 3 1 1 3 1 3 1 1 1 2 1 1 1 1 1 1 2 3 1 2 2 1 2 3 2 1 2 2 3 3 1 3 3 3
 1 2 1 2 3 1 1 1 3 3 3 1 2 3 3 1 1 1 3 1 3 2 2 2 1 1 3 3 3 1 2 3 3 2 3 2 1
 2 1 1 2 3 1 1 2 3 1 3 2 1 1 3 3 1 2 3 3 3 1 2 2 3 1 1 2 1 3 1 3 3 1 2 1 3
 3 3 2 2 3 3 3 1 3 2 1 2 3 2 1 3 3 1 3 2 3 1 2 3 3 1 3 3 2 1 3 2 3 2 3 1 3
 1 1 1 1 1 1 3 1 2 1 3 2 1 3 3 1 2 3 2 1 1 1 2 1 1 2 2 1 1 2 2 2 1 3 1 1 3
 1 1 2 3 3 1 1 1 3 3 2 3 3 1 1 1 2 3 2 3 1 2 2 1 3 3 3 1 1 1 3 1 2 1 3 1 1
 2 1 2 2 3 3 1 2 2 1 1 3 2 1 2 1 1 1 2 3 1 1]

##############################=   KNN   =##################################

Metric = minkowski

Vizinhanca = 130

Porcentagem: 53%%

Resultado: 
[2 1 1 2 1 3 1 2 2 1 3 1 3 1 1 3 3 3 2 1 1 1 1 3 2 1 1 1 1 1 3 1 3 1 1 1 1
 3 3 3 1 2 3 1 1 1 3 2 2 2 3 3 1 1 3 2 3 3 2 1 3 1 3 1 2 1 1 2 2 3 2 2 1 1
 3 2 1 1 1 3 1 3 3 3 3 1 1 1 1 1 1 3 2 3 1 3 1 1 2 3 1 2 3 3 1 2 3 3 3 1 2
 3 1 1 1 2 1 1 1 1 3 3 3 1 2 2 3 3 3 1 1 3 2 2 3 1 3 1 1 1 1 3 1 3 1 3 2 2
 1 1 1 1 3 2 2 1 3 1 3 2 3 1 3 3 1 3 1 1 2 3 3 2 3 2 3 1 2 2 1 1 1 3 1 3 1
 3 3 3 1 1 1 1 3 2 3 1 1 3 2 3 1 1 2 1 3 2 3 3 1 3 3 3 3 2 3 3 3 3 3 2 3 1
 1 2 1 1 1 3 3 1 1 2 2 2 1 3 2 1 3 1 1 2 2 1 1 2 1 3 3 1 3 1 1 1 3 1 1 2 3
 1 1 1 1 3 1 3 3 1 2 1 1 2 1 3 3 2 1 3 3 3 1 1 1 2 2 2 2 1 1 2 3 1 1 2 1 1
 3 3 3 1 3 3 3 3 1 3 1 3 1 3 1 3 2 3 1 3 1 1 3 1 3 3 3 2 3 1 2 1 1 3 3 1 3
 3 2 3 1 3 1 3 1 2 1 1 1 1 1 2 1 1 1 1 1 3 1 2 1 1 3 1 1 2 1 1 3 2 1 2 1 3
 1 3 3 1 2 1 1 1 3 1 3 1 1 1 2 1 1 3 2 2 2 2 3 1 3 3 1 3 1 1 1 3 1 1 3 1 1
 1 2 1 3 3 3 1 1 1 3 3 3 2 1 1 3 1 2 1 3 3 1 3 2 1 1 2 3 3 1 1 3 3 2 2 3 3
 3 3 3 3 3 1 2 1 1 1 1 3 3 3 1 1 1 3 2 1 1 3 2 1 3 2 2 2 1 3 1 1 2 3 2 3 1
 1 1 1 2 2 1 1 1 1 1 1 2 1 3 2 3 1 1 3 1 2 2 3 1 2 2 1 3 3 3 1 3 1 1 2 3 3
 3 1 3 3 3 2 1 3 3 3 2 2 2 2 3 3 2 1 3 2 1 3 1 1 3 1 1 3 2 3 1 1 1 3 3 2 2
 1 3 2 3 3 1 1 1 1 3 1 2 3 2 1 1 1 3 3 1 1 1 1 2 2 3 3 2 1 2 3 3 1 1 1 3 3
 3 2 3 3 1 2 3 1 3 1 1 1 1 1 2 3 2 2 1 2 3 1 2 2 2 1 3 2 1 2 1 3 1 1 1 3 3
 2 1 1 2 3 2 1 1 3 3 3 1 2 2 3 2 1 1 3 1 3 1 1 1 1 1 3 3 3 1 2 3 3 1 3 1 2
 2 1 1 2 3 1 1 1 3 1 3 2 1 1 3 3 1 2 3 3 3 1 2 1 3 1 1 2 1 3 1 3 3 1 2 1 3
 3 3 2 1 3 3 3 1 3 1 1 1 3 1 1 3 3 1 1 1 3 1 2 3 3 1 3 3 1 1 3 2 3 2 1 1 3
 3 1 1 1 1 1 3 1 1 1 3 2 1 3 3 1 2 3 1 1 1 1 2 1 1 2 1 1 1 1 2 2 1 3 1 1 3
 1 1 1 3 3 2 2 1 3 3 1 3 3 1 1 1 2 3 2 3 2 1 2 2 3 3 3 1 1 1 1 1 1 1 3 1 1
 1 3 1 2 3 3 1 1 1 1 3 3 3 1 1 1 2 1 1 3 1 3]