##########################= Conjunto y teste =###########################

[2 1 1 2 2 1 1 1 2 1 3 1 1 3 2 3 3 3 2 1 1 2 2 2 3 3 2 1 2 2 3 1 1 1 2 1 2 
 3 3 3 1 1 2 2 1 1 3 1 1 2 3 3 2 1 1 2 3 3 2 3 2 3 2 1 1 1 3 1 1 3 2 1 1 1 
 3 1 2 2 2 2 3 2 3 3 3 3 2 2 1 1 2 1 2 3 2 3 1 3 1 2 2 2 2 3 2 2 1 3 3 1 2 
 3 2 2 2 2 2 2 1 2 3 3 3 1 1 1 1 3 3 1 2 3 3 3 3 2 3 2 2 2 3 3 1 1 2 1 2 1 
 1 1 1 1 3 1 3 1 3 2 3 1 3 1 3 2 2 3 2 3 2 3 3 2 3 2 2 2 1 2 1 1 1 3 1 1 1 
 3 3 3 1 1 2 1 1 1 3 2 1 3 2 3 2 2 2 1 3 1 2 3 1 3 2 3 1 1 3 3 3 3 3 3 3 1 
 3 1 2 2 1 1 3 2 1 2 1 1 1 3 1 3 3 1 3 2 1 3 1 1 1 1 3 2 1 1 2 2 3 3 1 2 1 
 2 1 1 2 3 1 3 1 1 2 3 1 2 2 3 3 1 2 3 3 3 1 3 1 1 1 2 2 1 2 1 3 1 1 2 1 1 
 3 3 3 1 3 1 1 2 2 3 1 3 2 3 2 3 2 3 1 3 1 2 3 2 2 3 3 2 3 2 2 2 1 3 3 2 3 
 3 1 2 2 3 2 3 2 2 1 1 1 3 1 2 1 2 3 2 1 3 1 1 1 2 3 2 3 1 2 1 2 1 1 1 2 1 
 2 3 3 1 1 2 2 2 3 2 3 1 2 1 1 1 1 2 1 1 1 2 1 1 3 1 1 2 2 3 3 2 3 3 2 3 3 
 1 3 1 3 3 3 1 3 1 3 3 3 1 2 1 3 1 1 1 3 1 1 3 2 2 2 1 1 1 1 1 3 3 2 3 3 1 
 3 3 3 3 3 1 1 1 2 2 3 3 3 1 2 1 1 3 2 1 1 1 1 2 3 1 2 2 2 2 1 2 2 3 1 2 2 
 2 1 1 1 2 1 1 2 2 2 1 1 2 1 2 3 1 1 3 1 2 1 3 1 1 1 1 3 3 3 3 2 2 2 1 3 1 
 3 2 3 2 2 1 1 2 3 1 2 1 3 1 2 3 1 1 1 3 1 3 2 2 3 2 2 3 1 3 2 1 2 3 3 2 2 
 2 3 1 3 3 1 1 1 1 1 2 2 3 1 1 1 2 1 1 3 1 2 2 1 1 1 3 2 1 1 3 2 2 2 1 1 3 
 2 1 3 3 1 1 3 1 2 2 1 1 1 2 2 3 1 2 2 3 3 2 1 1 1 2 3 1 1 1 1 3 3 2 2 2 3 
 1 1 2 2 3 1 3 3 3 3 3 1 2 2 3 1 2 2 3 1 3 1 3 1 2 2 3 3 3 1 1 3 3 2 3 1 3 
 1 1 1 1 3 3 1 1 3 2 3 2 3 2 3 3 3 2 3 1 3 2 2 1 3 1 2 1 2 1 3 3 3 2 1 1 3 
 1 3 1 2 2 3 3 2 2 2 2 2 3 3 1 3 3 1 3 1 1 1 2 3 3 1 3 3 1 2 3 1 3 1 2 2 3 
 3 2 2 1 3 2 3 1 1 2 3 1 2 3 3 3 3 3 2 2 1 1 1 1 1 2 2 2 2 2 1 1 3 3 3 2 3 
 2 2 1 3 3 1 1 2 1 3 2 1 3 3 1 2 1 3 2 3 2 2 1 1 3 3 3 3 2 1 3 2 2 1 3 1 2 
 2 2 2 2 2 2 1 1 2 3 1 1 1 2 2 1 2 2 3 2 2 1]

##########################=   KNN Improve   =##############################

Vizinhanca = 86

Porcentagem: 53%

Resultado: 
[2 1 2 2 2 3 1 2 1 1 3 1 3 1 2 3 3 3 1 1 1 1 1 3 2 1 2 1 1 1 1 2 3 1 1 1 1 
 3 3 3 1 1 1 1 1 1 3 2 2 1 3 3 1 1 1 1 3 3 1 1 3 1 3 1 2 2 1 2 1 3 2 1 1 1 
 1 2 2 2 1 3 1 3 3 3 3 1 1 2 1 2 1 3 2 3 1 3 1 1 2 1 1 2 3 3 1 2 3 3 3 1 1 
 3 2 1 1 2 1 1 2 1 3 3 3 1 2 2 3 3 1 1 1 3 1 1 3 1 3 1 2 1 1 3 1 3 1 3 2 2 
 2 1 1 2 3 2 2 1 3 1 3 2 3 1 3 3 2 3 2 1 2 3 3 1 3 2 3 1 2 2 2 1 1 3 1 3 2 
 3 3 3 2 1 1 1 3 2 3 1 1 3 2 3 2 1 2 2 3 2 3 3 1 3 3 3 3 2 3 3 3 3 3 1 1 1 
 1 2 1 1 2 3 3 1 1 2 1 2 2 3 2 1 3 1 1 2 2 1 1 2 1 3 3 1 3 1 1 1 3 1 1 2 1 
 1 1 1 1 3 1 3 1 1 2 1 1 2 1 3 3 1 1 3 3 3 1 1 1 1 1 2 2 1 1 2 3 1 1 2 1 1 
 3 1 3 1 3 3 1 1 1 3 1 3 1 3 1 3 1 3 1 3 1 2 3 1 3 3 3 2 3 1 1 1 1 3 3 1 3 
 3 2 3 1 3 1 3 1 2 1 1 1 1 1 2 1 1 1 2 1 3 1 2 2 1 3 1 1 2 2 2 3 1 1 1 2 3 
 1 3 3 2 1 1 2 1 3 1 3 1 1 1 2 1 1 3 1 1 2 2 3 1 3 3 1 3 1 2 1 3 1 1 3 1 1 
 1 2 1 3 3 3 1 1 1 3 3 3 2 1 1 3 1 2 1 3 3 1 3 2 1 1 2 3 3 1 1 3 3 1 2 3 3 
 3 3 3 3 1 1 2 2 1 1 2 3 3 3 2 2 1 3 1 1 1 3 2 1 3 2 2 1 1 3 1 1 1 3 2 3 2 
 1 1 1 2 2 1 2 1 1 1 2 2 2 1 1 3 1 1 3 1 2 2 3 1 1 1 2 3 3 3 1 3 1 1 1 3 3 
 3 2 3 3 3 2 1 3 3 3 2 2 2 1 3 3 2 1 3 2 1 3 1 1 3 1 1 3 1 3 1 1 1 3 3 1 2 
 1 3 2 3 1 1 2 1 1 3 1 2 3 2 1 1 1 3 3 1 1 2 1 2 1 3 3 2 1 1 3 3 1 1 1 3 3 
 1 2 3 3 1 2 3 1 3 1 1 1 2 1 1 1 2 2 1 2 3 1 2 1 2 2 3 2 1 2 1 3 1 1 1 3 3 
 1 2 1 2 3 2 1 1 3 3 3 1 2 2 3 1 1 1 3 1 3 1 1 2 1 1 3 3 3 1 2 3 3 2 3 1 2 
 2 1 1 2 3 1 1 2 3 1 3 2 1 1 3 3 1 1 3 3 3 1 2 1 3 1 1 2 1 3 1 3 3 1 2 1 3 
 3 3 2 1 3 3 3 1 3 2 1 1 3 1 1 3 3 1 1 1 3 1 2 3 3 1 3 3 2 1 3 1 3 2 1 1 3 
 3 1 1 1 2 1 3 1 2 1 3 1 1 3 3 1 2 3 1 1 1 2 2 1 2 1 1 1 1 2 2 2 2 3 1 1 3 
 1 1 1 3 3 2 2 1 3 3 1 3 3 2 1 1 2 3 1 3 1 1 1 2 3 3 3 1 2 1 1 1 1 1 3 1 1 
 2 1 1 2 3 3 1 1 1 1 1 3 3 1 1 1 2 1 1 3 1 1]

##########################=   KNN Improve   =##############################

Vizinhanca = 302

Porcentagem: 53%

Resultado: 
[2 1 1 1 1 3 1 2 1 1 3 1 3 1 1 3 3 3 2 1 1 1 1 3 1 1 1 1 1 1 1 1 3 1 1 1 1 
 3 3 3 1 2 3 1 1 1 3 1 2 1 3 3 1 1 1 1 1 3 1 1 3 1 3 1 1 1 1 2 1 3 1 1 1 1 
 1 2 1 1 1 1 1 3 3 3 3 1 1 1 1 2 1 3 2 3 1 3 1 1 2 1 1 2 3 3 1 1 3 3 3 1 1 
 3 1 1 1 1 3 1 1 1 3 3 3 1 2 1 3 3 3 1 1 3 2 2 3 1 3 1 1 1 1 3 1 3 1 3 1 2 
 1 1 1 1 3 2 1 1 3 1 3 2 3 1 3 3 1 1 1 1 1 3 3 2 3 1 3 1 1 2 1 1 1 3 1 3 1 
 3 1 3 1 1 1 1 3 2 3 1 1 3 2 3 1 1 1 2 3 1 3 3 1 3 3 3 1 2 3 3 3 3 3 2 1 1 
 1 2 1 1 1 3 3 1 1 1 1 2 1 3 2 1 3 1 1 2 1 1 1 2 1 3 3 1 3 1 1 1 3 1 1 2 3 
 1 2 1 1 3 1 3 1 1 2 1 1 1 1 3 3 1 1 1 3 3 1 1 1 1 2 1 1 1 1 2 3 1 1 1 1 1 
 3 3 3 1 3 3 1 1 1 3 1 3 1 3 1 3 2 3 1 3 1 1 3 1 3 3 3 2 3 1 2 1 1 3 3 1 3 
 3 2 1 1 3 1 3 1 2 1 1 1 1 2 2 1 1 1 1 1 3 1 1 1 1 3 1 1 2 1 1 3 1 1 2 1 3 
 1 3 3 1 2 1 1 1 3 1 1 1 1 1 1 1 1 3 2 2 2 1 3 1 3 3 1 3 1 1 1 3 1 1 3 1 1 
 1 2 1 3 3 3 1 1 1 3 3 3 2 1 1 3 1 2 1 3 3 1 3 2 1 1 1 3 3 1 1 3 3 1 2 3 3 
 3 3 3 3 3 1 2 1 1 1 1 3 3 3 1 1 1 3 2 1 1 3 2 1 3 1 1 1 1 3 1 1 2 3 1 3 1 
 1 1 1 1 1 1 1 1 1 1 1 2 1 3 1 3 1 1 3 1 2 2 3 1 2 1 1 3 3 3 1 3 1 1 1 3 3 
 3 1 3 3 3 2 1 3 3 3 1 2 2 2 3 3 1 1 3 2 2 3 1 1 3 1 1 3 2 3 1 1 1 3 3 1 2 
 1 3 1 3 1 1 1 1 1 1 1 2 3 2 1 1 1 3 3 1 1 1 1 1 1 3 3 1 1 1 3 3 1 1 1 1 3 
 1 1 3 3 1 2 3 1 3 1 1 1 1 1 2 1 1 2 1 2 3 1 1 1 2 1 3 1 1 1 1 3 1 1 1 3 3 
 1 1 1 2 3 1 1 1 3 3 3 1 2 2 3 2 1 1 3 1 3 1 1 1 1 1 3 3 3 1 2 3 3 1 3 1 2 
 1 1 1 2 3 1 1 1 1 1 3 2 1 1 3 3 1 2 3 3 3 1 1 1 3 1 1 2 1 3 1 3 1 1 1 1 3 
 3 3 1 1 3 3 3 1 3 1 1 1 3 1 1 3 3 1 1 1 3 1 1 3 3 1 3 3 1 1 3 1 3 2 1 1 3 
 3 1 1 1 1 1 3 1 1 1 3 2 1 3 3 3 2 3 1 1 1 1 2 1 1 2 1 1 1 1 1 2 1 3 1 1 3 
 1 1 1 3 3 2 2 1 3 3 1 3 3 1 1 1 1 3 1 3 2 1 2 2 3 3 3 1 1 1 1 1 1 1 3 1 1 
 1 3 1 2 3 3 1 1 1 1 1 3 1 1 1 1 1 1 1 3 1 1]

##########################=   KNN Improve   =##############################

Vizinhanca = 250

Porcentagem: 54%

Resultado: 
[2 1 1 1 1 3 1 2 1 1 3 1 3 1 1 3 3 3 2 1 1 1 1 3 1 1 1 1 1 1 1 1 3 1 1 1 1 
 3 3 3 1 2 3 1 1 1 3 1 2 1 3 3 1 1 1 1 1 3 1 1 3 1 3 1 1 1 1 2 1 3 1 1 1 1 
 1 1 1 1 1 1 1 3 3 3 3 1 1 1 1 2 1 3 2 3 1 3 1 1 2 1 1 2 3 3 1 1 3 3 3 1 1 
 3 1 1 1 1 3 1 1 1 3 3 3 1 2 1 3 3 3 1 1 3 2 2 3 1 3 1 1 1 1 3 1 3 1 3 2 2 
 1 1 1 1 3 2 1 1 3 1 3 2 3 1 3 3 1 3 1 1 1 3 3 2 3 1 3 1 1 2 1 1 1 3 1 3 1 
 3 3 3 1 1 1 1 3 2 3 1 1 3 2 3 2 1 1 1 3 1 3 3 1 3 3 3 1 2 3 3 3 3 3 2 1 1 
 1 2 1 1 1 3 3 1 1 1 1 2 1 3 2 1 3 1 1 2 1 1 1 2 1 3 3 1 3 1 1 1 3 1 1 2 3 
 1 2 1 1 3 1 3 1 1 2 1 1 1 1 3 3 1 1 3 3 3 1 1 1 1 2 1 1 1 1 2 3 1 1 1 1 1 
 3 3 3 1 3 3 1 1 1 3 1 3 1 3 1 3 2 3 1 3 1 1 3 1 3 3 3 2 3 1 2 1 1 3 3 1 3 
 3 2 3 1 3 1 3 1 2 1 1 1 1 2 2 1 1 1 1 1 3 1 1 1 1 3 1 1 2 1 1 3 1 1 2 1 3 
 1 3 3 1 2 1 1 1 3 1 3 1 1 1 1 1 1 3 2 2 2 2 3 1 3 3 1 3 1 1 1 3 1 1 3 1 1 
 1 2 1 3 3 3 1 1 1 3 3 3 2 1 1 3 1 2 1 3 3 2 3 2 1 1 1 3 3 1 1 3 3 1 2 3 3 
 3 3 3 3 3 1 2 1 1 1 1 3 3 3 1 1 1 3 2 1 1 3 1 1 3 1 1 1 1 3 1 1 2 3 1 3 1 
 1 1 1 1 1 1 1 1 1 1 1 2 1 3 1 3 1 1 3 1 2 2 3 1 2 1 1 3 3 3 1 3 1 1 1 3 3 
 3 1 3 3 3 2 1 3 3 3 1 2 2 2 3 3 1 1 3 2 2 3 1 1 3 1 1 3 2 3 1 1 1 3 3 1 2 
 1 3 1 3 1 1 1 1 1 3 1 2 3 2 1 1 1 3 3 1 1 1 1 1 1 3 3 1 1 1 3 3 1 1 1 1 3 
 1 1 3 3 1 2 3 1 3 1 1 1 1 1 2 1 1 2 1 2 3 1 1 1 2 1 3 1 1 1 1 3 1 1 1 3 3 
 1 1 1 2 3 1 1 1 3 3 3 1 2 2 3 2 1 1 3 1 3 1 1 1 1 1 3 3 3 1 1 3 3 1 3 1 2 
 1 2 1 2 3 1 1 1 1 1 3 2 1 1 3 3 1 2 3 3 3 1 1 1 3 1 1 2 1 3 1 3 3 1 1 1 3 
 3 3 1 1 3 3 3 1 3 1 1 1 3 1 1 3 3 1 1 1 3 1 1 3 3 1 3 3 1 1 3 1 3 2 1 1 3 
 3 1 1 1 1 1 3 1 1 2 3 2 1 3 3 3 2 3 1 1 1 1 2 1 1 2 1 1 1 1 1 2 1 3 1 2 3 
 1 1 1 3 3 2 2 1 3 3 1 3 3 1 1 1 1 3 1 3 2 1 2 2 3 3 3 1 1 1 1 1 1 1 3 1 1 
 1 3 1 2 3 3 2 1 1 1 3 3 1 1 1 1 1 1 1 3 1 1]